T	m		pi|T*|a|Xopt|k|k_gas|P_cpec|C_cpec|L_free
T:1318.0
	m:3.84
		19.3600|1318.0000|4.1903|0.7553|1.3825|1.3228|311.3766|0.0325|298208.7411
		20.5700|1318.0000|4.2835|0.7553|1.3818|1.3225|309.7795|0.0319|295287.9022
		21.7800|1318.0000|4.3764|0.7554|1.3811|1.3222|308.0624|0.0314|292146.8288
		22.9900|1318.0000|4.4692|0.7555|1.3805|1.3220|306.2445|0.0309|288825.7576
		24.2000|1318.0000|4.5620|0.7555|1.3799|1.3218|304.3410|0.0305|285357.1354
		25.4100|1318.0000|4.6548|0.7556|1.3793|1.3215|302.3643|0.0301|281767.3661
		26.6200|1318.0000|4.7478|0.7556|1.3788|1.3213|300.3244|0.0297|278078.1097
	m:4.80
		19.3600|1318.0000|4.1903|0.7941|1.3825|1.3228|283.3095|0.0298|298208.7411
		20.5700|1318.0000|4.2835|0.7942|1.3818|1.3225|281.8582|0.0293|295287.9022
		21.7800|1318.0000|4.3764|0.7943|1.3811|1.3222|280.2977|0.0288|292146.8288
		22.9900|1318.0000|4.4692|0.7943|1.3805|1.3220|278.6454|0.0284|288825.7576
		24.2000|1318.0000|4.5620|0.7944|1.3799|1.3218|276.9152|0.0280|285357.1354
		25.4100|1318.0000|4.6548|0.7944|1.3793|1.3215|275.1182|0.0276|281767.3661
		26.6200|1318.0000|4.7478|0.7945|1.3788|1.3213|273.2637|0.0272|278078.1097
	m:5.76
		19.3600|1318.0000|4.1903|0.8224|1.3825|1.3228|261.6688|0.0277|298208.7411
		20.5700|1318.0000|4.2835|0.8224|1.3818|1.3225|260.3297|0.0272|295287.9022
		21.7800|1318.0000|4.3764|0.8225|1.3811|1.3222|258.8897|0.0268|292146.8288
		22.9900|1318.0000|4.4692|0.8225|1.3805|1.3220|257.3647|0.0264|288825.7576
		24.2000|1318.0000|4.5620|0.8226|1.3799|1.3218|255.7678|0.0260|285357.1354
		25.4100|1318.0000|4.6548|0.8226|1.3793|1.3215|254.1091|0.0256|281767.3661
		26.6200|1318.0000|4.7478|0.8226|1.3788|1.3213|252.3972|0.0253|278078.1097
T:1468.0
	m:3.84
		19.3600|1468.0000|3.2516|0.7544|1.3825|1.3150|361.2925|0.0361|399138.7072
		20.5700|1468.0000|3.3088|0.7545|1.3818|1.3148|360.7611|0.0355|398145.1092
		21.7800|1468.0000|3.3654|0.7545|1.3811|1.3146|360.0834|0.0349|396821.3321
		22.9900|1468.0000|3.4213|0.7546|1.3805|1.3143|359.2820|0.0345|395219.8639
		24.2000|1468.0000|3.4767|0.7547|1.3799|1.3141|358.3754|0.0340|393383.4671
		25.4100|1468.0000|3.5317|0.7547|1.3793|1.3140|357.3788|0.0336|391347.3114
		26.6200|1468.0000|3.5863|0.7548|1.3788|1.3138|356.3045|0.0331|389140.5680
	m:4.80
		19.3600|1468.0000|3.2516|0.7934|1.3825|1.3150|328.6959|0.0331|399138.7072
		20.5700|1468.0000|3.3088|0.7934|1.3818|1.3148|328.2148|0.0325|398145.1092
		21.7800|1468.0000|3.3654|0.7935|1.3811|1.3146|327.6004|0.0321|396821.3321
		22.9900|1468.0000|3.4213|0.7935|1.3805|1.3143|326.8734|0.0316|395219.8639
		24.2000|1468.0000|3.4767|0.7936|1.3799|1.3141|326.0506|0.0312|393383.4671
		25.4100|1468.0000|3.5317|0.7936|1.3793|1.3140|325.1458|0.0308|391347.3114
		26.6200|1468.0000|3.5863|0.7937|1.3788|1.3138|324.1703|0.0304|389140.5680
	m:5.76
		19.3600|1468.0000|3.2516|0.8217|1.3825|1.3150|303.5682|0.0307|399138.7072
		20.5700|1468.0000|3.3088|0.8217|1.3818|1.3148|303.1254|0.0302|398145.1092
		21.7800|1468.0000|3.3654|0.8218|1.3811|1.3146|302.5595|0.0298|396821.3321
		22.9900|1468.0000|3.4213|0.8218|1.3805|1.3143|301.8894|0.0294|395219.8639
		24.2000|1468.0000|3.4767|0.8219|1.3799|1.3141|301.1309|0.0290|393383.4671
		25.4100|1468.0000|3.5317|0.8219|1.3793|1.3140|300.2966|0.0286|391347.3114
		26.6200|1468.0000|3.5863|0.8220|1.3788|1.3138|299.3969|0.0282|389140.5680
T:1618.0
	m:3.84
		19.3600|1618.0000|2.6368|0.7535|1.3825|1.3079|405.7879|0.0396|500459.4513
		20.5700|1618.0000|2.6753|0.7536|1.3818|1.3076|406.0736|0.0390|501395.2439
		21.7800|1618.0000|2.7131|0.7536|1.3811|1.3075|406.1847|0.0384|501890.1443
		22.9900|1618.0000|2.7502|0.7537|1.3805|1.3073|406.1473|0.0379|502008.9889
		24.2000|1618.0000|2.7868|0.7538|1.3799|1.3071|405.9828|0.0374|501804.9370
		25.4100|1618.0000|2.8229|0.7538|1.3793|1.3069|405.7086|0.0370|501321.9936
		26.6200|1618.0000|2.8586|0.7539|1.3788|1.3068|405.3394|0.0366|500596.9002
	m:4.80
		19.3600|1618.0000|2.6368|0.7926|1.3825|1.3079|369.1417|0.0363|500459.4513
		20.5700|1618.0000|2.6753|0.7926|1.3818|1.3076|369.4043|0.0358|501395.2439
		21.7800|1618.0000|2.7131|0.7927|1.3811|1.3075|369.5079|0.0353|501890.1443
		22.9900|1618.0000|2.7502|0.7927|1.3805|1.3073|369.4763|0.0348|502008.9889
		24.2000|1618.0000|2.7868|0.7928|1.3799|1.3071|369.3290|0.0343|501804.9370
		25.4100|1618.0000|2.8229|0.7929|1.3793|1.3069|369.0818|0.0339|501321.9936
		26.6200|1618.0000|2.8586|0.7929|1.3788|1.3068|368.7481|0.0335|500596.9002
	m:5.76
		19.3600|1618.0000|2.6368|0.8210|1.3825|1.3079|340.8986|0.0337|500459.4513
		20.5700|1618.0000|2.6753|0.8210|1.3818|1.3076|341.1429|0.0332|501395.2439
		21.7800|1618.0000|2.7131|0.8211|1.3811|1.3075|341.2402|0.0328|501890.1443
		22.9900|1618.0000|2.7502|0.8211|1.3805|1.3073|341.2127|0.0323|502008.9889
		24.2000|1618.0000|2.7868|0.8212|1.3799|1.3071|341.0782|0.0319|501804.9370
		25.4100|1618.0000|2.8229|0.8212|1.3793|1.3069|340.8515|0.0315|501321.9936
		26.6200|1618.0000|2.8586|0.8212|1.3788|1.3068|340.5447|0.0311|500596.9002
